Xseq  date      time  lon      lat      depth_xbt  temp_xbt  
32    19990206  1938  141.740  -61.413  0.6        4.43      
32    19990206  1938  141.740  -61.413  1.2        3.56      
32    19990206  1938  141.740  -61.413  1.9        3.14      
32    19990206  1938  141.740  -61.413  2.5        3.01      
32    19990206  1938  141.740  -61.413  3.2        2.97      
32    19990206  1938  141.740  -61.413  3.8        2.96      
32    19990206  1938  141.740  -61.413  4.5        2.96      
32    19990206  1938  141.740  -61.413  5.1        2.95      
32    19990206  1938  141.740  -61.413  5.8        2.96      
32    19990206  1938  141.740  -61.413  6.4        2.96      
32    19990206  1938  141.740  -61.413  7.1        2.95      
32    19990206  1938  141.740  -61.413  7.7        2.97      
32    19990206  1938  141.740  -61.413  8.4        3.12      
32    19990206  1938  141.740  -61.413  9.0        4.65      
32    19990206  1938  141.740  -61.413  9.7        7.29      
32    19990206  1938  141.740  -61.413  10.3       9.00      
32    19990206  1938  141.740  -61.413  10.9       10.22     
32    19990206  1938  141.740  -61.413  11.6       11.16     
32    19990206  1938  141.740  -61.413  12.2       11.88     
32    19990206  1938  141.740  -61.413  12.9       12.47     
32    19990206  1938  141.740  -61.413  13.5       12.88     
32    19990206  1938  141.740  -61.413  14.2       13.25     
32    19990206  1938  141.740  -61.413  14.8       13.57     
32    19990206  1938  141.740  -61.413  15.5       13.87     
32    19990206  1938  141.740  -61.413  16.1       14.09     
32    19990206  1938  141.740  -61.413  16.8       14.30     
32    19990206  1938  141.740  -61.413  17.4       14.50     
32    19990206  1938  141.740  -61.413  18.1       14.68     
32    19990206  1938  141.740  -61.413  18.7       14.82     
32    19990206  1938  141.740  -61.413  19.3       14.96     
32    19990206  1938  141.740  -61.413  20.0       15.10     
32    19990206  1938  141.740  -61.413  20.6       15.24     
32    19990206  1938  141.740  -61.413  21.3       15.35     
32    19990206  1938  141.740  -61.413  21.9       15.45     
32    19990206  1938  141.740  -61.413  22.6       15.51     
32    19990206  1938  141.740  -61.413  23.2       15.59     
32    19990206  1938  141.740  -61.413  23.9       15.70     
32    19990206  1938  141.740  -61.413  24.5       15.76     
32    19990206  1938  141.740  -61.413  25.2       15.86     
32    19990206  1938  141.740  -61.413  25.8       15.95     
32    19990206  1938  141.740  -61.413  26.4       16.13     
32    19990206  1938  141.740  -61.413  27.1       16.24     
32    19990206  1938  141.740  -61.413  27.7       16.36     
32    19990206  1938  141.740  -61.413  28.4       16.51     
32    19990206  1938  141.740  -61.413  29.0       16.65     
32    19990206  1938  141.740  -61.413  29.7       16.82     
32    19990206  1938  141.740  -61.413  30.3       16.94     
32    19990206  1938  141.740  -61.413  31.0       17.12     
32    19990206  1938  141.740  -61.413  31.6       17.35     
32    19990206  1938  141.740  -61.413  32.3       17.56     
32    19990206  1938  141.740  -61.413  32.9       17.72     
32    19990206  1938  141.740  -61.413  33.5       18.23     
32    19990206  1938  141.740  -61.413  34.2       18.77     
32    19990206  1938  141.740  -61.413  34.8       18.91     
32    19990206  1938  141.740  -61.413  35.5       18.98     
32    19990206  1938  141.740  -61.413  36.1       19.23     
32    19990206  1938  141.740  -61.413  36.8       19.35     
32    19990206  1938  141.740  -61.413  37.4       19.47     
32    19990206  1938  141.740  -61.413  38.1       19.41     
32    19990206  1938  141.740  -61.413  38.7       19.56     
32    19990206  1938  141.740  -61.413  39.3       19.57     
32    19990206  1938  141.740  -61.413  40.0       19.50     
32    19990206  1938  141.740  -61.413  40.6       19.51     
32    19990206  1938  141.740  -61.413  41.3       19.59     
32    19990206  1938  141.740  -61.413  41.9       19.49     
32    19990206  1938  141.740  -61.413  42.6       19.64     
32    19990206  1938  141.740  -61.413  43.2       19.67     
32    19990206  1938  141.740  -61.413  43.9       19.66     
32    19990206  1938  141.740  -61.413  44.5       19.55     
32    19990206  1938  141.740  -61.413  45.1       19.44     
32    19990206  1938  141.740  -61.413  45.8       19.43     
32    19990206  1938  141.740  -61.413  46.4       19.36     
32    19990206  1938  141.740  -61.413  47.1       19.23     
32    19990206  1938  141.740  -61.413  47.7       19.10     
32    19990206  1938  141.740  -61.413  48.4       25.85     
32    19990206  1938  141.740  -61.413  49.0       26.16     
32    19990206  1938  141.740  -61.413  49.7       26.49     
32    19990206  1938  141.740  -61.413  50.3       26.95     
32    19990206  1938  141.740  -61.413  50.9       26.98     
32    19990206  1938  141.740  -61.413  51.6       27.02     
32    19990206  1938  141.740  -61.413  52.2       27.09     
32    19990206  1938  141.740  -61.413  52.9       27.12     
32    19990206  1938  141.740  -61.413  53.5       22.61     
32    19990206  1938  141.740  -61.413  54.2       18.50     
32    19990206  1938  141.740  -61.413  54.8       20.33     
32    19990206  1938  141.740  -61.413  55.4       17.17     
32    19990206  1938  141.740  -61.413  56.1       16.74     
32    19990206  1938  141.740  -61.413  56.7       18.94     
32    19990206  1938  141.740  -61.413  57.4       18.43     
32    19990206  1938  141.740  -61.413  58.0       19.21     
32    19990206  1938  141.740  -61.413  58.7       18.28     
32    19990206  1938  141.740  -61.413  59.3       18.99     
32    19990206  1938  141.740  -61.413  60.0       19.17     
32    19990206  1938  141.740  -61.413  60.6       24.92     
32    19990206  1938  141.740  -61.413  61.2       18.25     
32    19990206  1938  141.740  -61.413  61.9       18.07     
32    19990206  1938  141.740  -61.413  62.5       18.47     
32    19990206  1938  141.740  -61.413  63.2       18.69     
32    19990206  1938  141.740  -61.413  63.8       21.66     
32    19990206  1938  141.740  -61.413  64.5       21.47     
32    19990206  1938  141.740  -61.413  65.1       25.49     
32    19990206  1938  141.740  -61.413  65.7       21.74     
32    19990206  1938  141.740  -61.413  66.4       23.38     
32    19990206  1938  141.740  -61.413  67.0       25.32     
32    19990206  1938  141.740  -61.413  67.7       28.27     
32    19990206  1938  141.740  -61.413  68.3       26.15     
32    19990206  1938  141.740  -61.413  69.0       26.43     
32    19990206  1938  141.740  -61.413  69.6       27.78     
32    19990206  1938  141.740  -61.413  70.2       26.80     
32    19990206  1938  141.740  -61.413  70.9       25.26     
32    19990206  1938  141.740  -61.413  71.5       26.93     
32    19990206  1938  141.740  -61.413  72.2       26.55     
32    19990206  1938  141.740  -61.413  72.8       26.32     
32    19990206  1938  141.740  -61.413  73.5       25.52     
32    19990206  1938  141.740  -61.413  74.1       24.83     
32    19990206  1938  141.740  -61.413  74.7       25.20     
32    19990206  1938  141.740  -61.413  75.4       24.96     
32    19990206  1938  141.740  -61.413  76.0       24.77     
32    19990206  1938  141.740  -61.413  76.7       24.38     
32    19990206  1938  141.740  -61.413  77.3       24.36     
32    19990206  1938  141.740  -61.413  77.9       23.96     
32    19990206  1938  141.740  -61.413  78.6       23.93     
32    19990206  1938  141.740  -61.413  79.2       23.82     
32    19990206  1938  141.740  -61.413  79.9       23.59     
32    19990206  1938  141.740  -61.413  80.5       23.39     
32    19990206  1938  141.740  -61.413  81.2       23.22     
32    19990206  1938  141.740  -61.413  81.8       22.78     
32    19990206  1938  141.740  -61.413  82.4       22.80     
32    19990206  1938  141.740  -61.413  83.1       22.55     
32    19990206  1938  141.740  -61.413  83.7       22.53     
32    19990206  1938  141.740  -61.413  84.4       22.37     
32    19990206  1938  141.740  -61.413  85.0       22.23     
32    19990206  1938  141.740  -61.413  85.6       22.08     
32    19990206  1938  141.740  -61.413  86.3       21.93     
32    19990206  1938  141.740  -61.413  86.9       21.78     
32    19990206  1938  141.740  -61.413  87.6       21.64     
32    19990206  1938  141.740  -61.413  88.2       21.50     
32    19990206  1938  141.740  -61.413  88.9       21.33     
32    19990206  1938  141.740  -61.413  89.5       21.27     
32    19990206  1938  141.740  -61.413  90.1       21.16     
32    19990206  1938  141.740  -61.413  90.8       21.04     
32    19990206  1938  141.740  -61.413  91.4       20.95     
32    19990206  1938  141.740  -61.413  92.1       20.83     
32    19990206  1938  141.740  -61.413  92.7       20.72     
32    19990206  1938  141.740  -61.413  93.3       20.61     
32    19990206  1938  141.740  -61.413  94.0       20.45     
32    19990206  1938  141.740  -61.413  94.6       20.33     
32    19990206  1938  141.740  -61.413  95.3       20.29     
32    19990206  1938  141.740  -61.413  95.9       20.16     
32    19990206  1938  141.740  -61.413  96.5       20.10     
32    19990206  1938  141.740  -61.413  97.2       19.98     
32    19990206  1938  141.740  -61.413  97.8       19.88     
32    19990206  1938  141.740  -61.413  98.5       19.79     
32    19990206  1938  141.740  -61.413  99.1       19.65     
32    19990206  1938  141.740  -61.413  99.7       19.59     
32    19990206  1938  141.740  -61.413  100.4      19.51     
32    19990206  1938  141.740  -61.413  101.0      19.47     
32    19990206  1938  141.740  -61.413  101.7      19.37     
32    19990206  1938  141.740  -61.413  102.3      19.34     
32    19990206  1938  141.740  -61.413  103.       19.26     
32    19990206  1938  141.740  -61.413  103.6      19.17     
32    19990206  1938  141.740  -61.413  104.2      19.08     
32    19990206  1938  141.740  -61.413  104.9      19.02     
32    19990206  1938  141.740  -61.413  105.5      18.97     
32    19990206  1938  141.740  -61.413  106.2      18.87     
32    19990206  1938  141.740  -61.413  106.8      18.71     
32    19990206  1938  141.740  -61.413  107.4      18.75     
32    19990206  1938  141.740  -61.413  108.1      18.68     
32    19990206  1938  141.740  -61.413  108.7      18.59     
32    19990206  1938  141.740  -61.413  109.4      18.52     
32    19990206  1938  141.740  -61.413  110.0      18.41     
32    19990206  1938  141.740  -61.413  110.6      18.39     
32    19990206  1938  141.740  -61.413  111.3      18.32     
32    19990206  1938  141.740  -61.413  111.9      18.24     
32    19990206  1938  141.740  -61.413  112.6      18.21     
32    19990206  1938  141.740  -61.413  113.2      18.16     
32    19990206  1938  141.740  -61.413  113.8      18.11     
32    19990206  1938  141.740  -61.413  114.5      18.04     
32    19990206  1938  141.740  -61.413  115.1      17.99     
32    19990206  1938  141.740  -61.413  115.8      17.94     
32    19990206  1938  141.740  -61.413  116.4      17.87     
32    19990206  1938  141.740  -61.413  117.0      17.81     
32    19990206  1938  141.740  -61.413  117.7      17.79     
32    19990206  1938  141.740  -61.413  118.3      17.73     
32    19990206  1938  141.740  -61.413  118.9      17.67     
32    19990206  1938  141.740  -61.413  119.6      17.58     
32    19990206  1938  141.740  -61.413  120.2      17.57     
32    19990206  1938  141.740  -61.413  120.9      17.51     
32    19990206  1938  141.740  -61.413  121.5      17.46     
32    19990206  1938  141.740  -61.413  122.1      17.22     
32    19990206  1938  141.740  -61.413  122.8      17.39     
32    19990206  1938  141.740  -61.413  123.4      17.35     
32    19990206  1938  141.740  -61.413  124.1      17.30     
32    19990206  1938  141.740  -61.413  124.7      17.27     
32    19990206  1938  141.740  -61.413  125.3      17.22     
32    19990206  1938  141.740  -61.413  126.0      17.20     
32    19990206  1938  141.740  -61.413  126.6      17.17     
32    19990206  1938  141.740  -61.413  127.3      17.12     
32    19990206  1938  141.740  -61.413  127.9      17.09     
32    19990206  1938  141.740  -61.413  128.5      17.04     
32    19990206  1938  141.740  -61.413  129.2      17.02     
32    19990206  1938  141.740  -61.413  129.8      16.96     
32    19990206  1938  141.740  -61.413  130.4      16.82     
32    19990206  1938  141.740  -61.413  131.1      16.91     
32    19990206  1938  141.740  -61.413  131.7      16.83     
32    19990206  1938  141.740  -61.413  132.4      16.84     
32    19990206  1938  141.740  -61.413  133.0      16.78     
32    19990206  1938  141.740  -61.413  133.6      16.73     
32    19990206  1938  141.740  -61.413  134.3      16.71     
32    19990206  1938  141.740  -61.413  134.9      16.68     
32    19990206  1938  141.740  -61.413  135.6      16.65     
32    19990206  1938  141.740  -61.413  136.2      16.61     
32    19990206  1938  141.740  -61.413  136.8      16.58     
32    19990206  1938  141.740  -61.413  137.5      16.56     
32    19990206  1938  141.740  -61.413  138.1      16.51     
32    19990206  1938  141.740  -61.413  138.7      16.47     
32    19990206  1938  141.740  -61.413  139.4      16.47     
32    19990206  1938  141.740  -61.413  140.0      16.43     
32    19990206  1938  141.740  -61.413  140.7      16.40     
32    19990206  1938  141.740  -61.413  141.3      16.39     
32    19990206  1938  141.740  -61.413  141.9      16.36     
32    19990206  1938  141.740  -61.413  142.6      16.34     
32    19990206  1938  141.740  -61.413  143.2      16.32     
32    19990206  1938  141.740  -61.413  143.8      16.28     
32    19990206  1938  141.740  -61.413  144.5      16.25     
32    19990206  1938  141.740  -61.413  145.1      16.24     
32    19990206  1938  141.740  -61.413  145.8      16.22     
32    19990206  1938  141.740  -61.413  146.4      16.19     
32    19990206  1938  141.740  -61.413  147.0      16.16     
32    19990206  1938  141.740  -61.413  147.7      16.14     
32    19990206  1938  141.740  -61.413  148.3      16.03     
32    19990206  1938  141.740  -61.413  148.9      16.09     
32    19990206  1938  141.740  -61.413  149.6      16.09     
32    19990206  1938  141.740  -61.413  150.2      16.07     
32    19990206  1938  141.740  -61.413  150.9      16.04     
32    19990206  1938  141.740  -61.413  151.5      16.01     
32    19990206  1938  141.740  -61.413  152.1      16.00     
32    19990206  1938  141.740  -61.413  152.8      15.97     
32    19990206  1938  141.740  -61.413  153.4      15.94     
32    19990206  1938  141.740  -61.413  154.0      15.92     
32    19990206  1938  141.740  -61.413  154.7      15.91     
32    19990206  1938  141.740  -61.413  155.3      15.89     
32    19990206  1938  141.740  -61.413  155.9      15.89     
32    19990206  1938  141.740  -61.413  156.6      15.88     
32    19990206  1938  141.740  -61.413  157.2      15.87     
32    19990206  1938  141.740  -61.413  157.9      15.85     
32    19990206  1938  141.740  -61.413  158.5      15.83     
32    19990206  1938  141.740  -61.413  159.1      15.82     
32    19990206  1938  141.740  -61.413  159.8      15.79     
32    19990206  1938  141.740  -61.413  160.4      15.78     
32    19990206  1938  141.740  -61.413  161.0      15.74     
32    19990206  1938  141.740  -61.413  161.7      15.72     
32    19990206  1938  141.740  -61.413  162.3      15.69     
32    19990206  1938  141.740  -61.413  163.       15.68     
32    19990206  1938  141.740  -61.413  163.6      15.66     
32    19990206  1938  141.740  -61.413  164.2      15.64     
32    19990206  1938  141.740  -61.413  164.9      15.60     
32    19990206  1938  141.740  -61.413  165.5      15.59     
32    19990206  1938  141.740  -61.413  166.1      15.57     
32    19990206  1938  141.740  -61.413  166.8      15.53     
32    19990206  1938  141.740  -61.413  167.4      15.49     
32    19990206  1938  141.740  -61.413  168.0      15.50     
32    19990206  1938  141.740  -61.413  168.7      15.48     
32    19990206  1938  141.740  -61.413  169.3      15.46     
32    19990206  1938  141.740  -61.413  169.9      15.45     
32    19990206  1938  141.740  -61.413  170.6      15.44     
32    19990206  1938  141.740  -61.413  171.2      15.41     
32    19990206  1938  141.740  -61.413  171.9      15.40     
32    19990206  1938  141.740  -61.413  172.5      15.38     
32    19990206  1938  141.740  -61.413  173.1      15.36     
32    19990206  1938  141.740  -61.413  173.8      15.35     
32    19990206  1938  141.740  -61.413  174.4      15.33     
32    19990206  1938  141.740  -61.413  175.0      15.31     
32    19990206  1938  141.740  -61.413  175.7      15.29     
32    19990206  1938  141.740  -61.413  176.3      15.28     
32    19990206  1938  141.740  -61.413  176.9      14.31     
32    19990206  1938  141.740  -61.413  177.6      14.60     
32    19990206  1938  141.740  -61.413  178.2      14.98     
32    19990206  1938  141.740  -61.413  178.8      15.26     
32    19990206  1938  141.740  -61.413  179.5      15.29     
32    19990206  1938  141.740  -61.413  180.1      15.28     
32    19990206  1938  141.740  -61.413  180.7      15.26     
32    19990206  1938  141.740  -61.413  181.4      15.24     
32    19990206  1938  141.740  -61.413  182.0      15.21     
32    19990206  1938  141.740  -61.413  182.7      15.18     
32    19990206  1938  141.740  -61.413  183.3      15.15     
32    19990206  1938  141.740  -61.413  183.9      15.11     
32    19990206  1938  141.740  -61.413  184.6      15.08     
32    19990206  1938  141.740  -61.413  185.2      15.07     
32    19990206  1938  141.740  -61.413  185.8      15.05     
32    19990206  1938  141.740  -61.413  186.5      15.04     
32    19990206  1938  141.740  -61.413  187.1      15.01     
32    19990206  1938  141.740  -61.413  187.7      15.00     
32    19990206  1938  141.740  -61.413  188.4      15.00     
32    19990206  1938  141.740  -61.413  189.0      14.98     
32    19990206  1938  141.740  -61.413  189.6      14.97     
32    19990206  1938  141.740  -61.413  190.3      14.96     
32    19990206  1938  141.740  -61.413  190.9      14.94     
32    19990206  1938  141.740  -61.413  191.5      14.92     
32    19990206  1938  141.740  -61.413  192.2      14.91     
32    19990206  1938  141.740  -61.413  192.8      14.90     
32    19990206  1938  141.740  -61.413  193.4      14.88     
32    19990206  1938  141.740  -61.413  194.1      14.86     
32    19990206  1938  141.740  -61.413  194.7      14.84     
32    19990206  1938  141.740  -61.413  195.3      14.84     
32    19990206  1938  141.740  -61.413  196.0      14.83     
32    19990206  1938  141.740  -61.413  196.6      14.82     
32    19990206  1938  141.740  -61.413  197.2      14.81     
32    19990206  1938  141.740  -61.413  197.9      14.79     
32    19990206  1938  141.740  -61.413  198.5      14.78     
32    19990206  1938  141.740  -61.413  199.1      14.77     
32    19990206  1938  141.740  -61.413  199.8      14.77     
32    19990206  1938  141.740  -61.413  200.4      14.76     
32    19990206  1938  141.740  -61.413  201.0      14.75     
32    19990206  1938  141.740  -61.413  201.7      14.73     
32    19990206  1938  141.740  -61.413  202.3      14.72     
32    19990206  1938  141.740  -61.413  202.9      14.71     
32    19990206  1938  141.740  -61.413  203.6      14.70     
32    19990206  1938  141.740  -61.413  204.2      14.69     
32    19990206  1938  141.740  -61.413  204.8      14.69     
32    19990206  1938  141.740  -61.413  205.5      14.68     
32    19990206  1938  141.740  -61.413  206.1      14.67     
32    19990206  1938  141.740  -61.413  206.7      14.67     
32    19990206  1938  141.740  -61.413  207.4      14.66     
32    19990206  1938  141.740  -61.413  208.0      14.67     
32    19990206  1938  141.740  -61.413  208.6      14.64     
32    19990206  1938  141.740  -61.413  209.3      14.65     
32    19990206  1938  141.740  -61.413  209.9      14.65     
32    19990206  1938  141.740  -61.413  210.5      14.66     
32    19990206  1938  141.740  -61.413  211.2      14.63     
32    19990206  1938  141.740  -61.413  211.8      14.63     
32    19990206  1938  141.740  -61.413  212.4      14.61     
32    19990206  1938  141.740  -61.413  213.1      14.61     
32    19990206  1938  141.740  -61.413  213.7      14.59     
32    19990206  1938  141.740  -61.413  214.3      14.58     
32    19990206  1938  141.740  -61.413  215.0      14.58     
32    19990206  1938  141.740  -61.413  215.6      14.57     
32    19990206  1938  141.740  -61.413  216.2      14.56     
32    19990206  1938  141.740  -61.413  216.9      14.54     
32    19990206  1938  141.740  -61.413  217.5      14.54     
32    19990206  1938  141.740  -61.413  218.1      14.53     
32    19990206  1938  141.740  -61.413  218.8      14.53     
32    19990206  1938  141.740  -61.413  219.4      14.52     
32    19990206  1938  141.740  -61.413  220.0      14.51     
32    19990206  1938  141.740  -61.413  220.7      14.49     
32    19990206  1938  141.740  -61.413  221.3      14.48     
32    19990206  1938  141.740  -61.413  221.9      14.47     
32    19990206  1938  141.740  -61.413  222.6      14.44     
32    19990206  1938  141.740  -61.413  223.2      14.43     
32    19990206  1938  141.740  -61.413  223.8      14.44     
32    19990206  1938  141.740  -61.413  224.5      14.42     
32    19990206  1938  141.740  -61.413  225.1      14.40     
32    19990206  1938  141.740  -61.413  225.7      14.39     
32    19990206  1938  141.740  -61.413  226.4      14.38     
32    19990206  1938  141.740  -61.413  227.0      14.36     
32    19990206  1938  141.740  -61.413  227.6      14.35     
32    19990206  1938  141.740  -61.413  228.3      14.33     
32    19990206  1938  141.740  -61.413  228.9      14.32     
32    19990206  1938  141.740  -61.413  229.5      14.29     
32    19990206  1938  141.740  -61.413  230.1      14.22     
32    19990206  1938  141.740  -61.413  230.8      14.25     
32    19990206  1938  141.740  -61.413  231.4      14.25     
32    19990206  1938  141.740  -61.413  232.0      14.23     
32    19990206  1938  141.740  -61.413  232.7      14.21     
32    19990206  1938  141.740  -61.413  233.3      14.20     
32    19990206  1938  141.740  -61.413  233.9      14.18     
32    19990206  1938  141.740  -61.413  234.6      14.17     
32    19990206  1938  141.740  -61.413  235.2      14.15     
32    19990206  1938  141.740  -61.413  235.8      14.14     
32    19990206  1938  141.740  -61.413  236.5      14.13     
32    19990206  1938  141.740  -61.413  237.1      14.11     
32    19990206  1938  141.740  -61.413  237.7      14.10     
32    19990206  1938  141.740  -61.413  238.4      14.10     
32    19990206  1938  141.740  -61.413  239.0      14.08     
32    19990206  1938  141.740  -61.413  239.6      14.07     
32    19990206  1938  141.740  -61.413  240.2      14.06     
32    19990206  1938  141.740  -61.413  240.9      14.06     
32    19990206  1938  141.740  -61.413  241.5      14.07     
32    19990206  1938  141.740  -61.413  242.1      14.05     
32    19990206  1938  141.740  -61.413  242.8      14.05     
32    19990206  1938  141.740  -61.413  243.4      14.04     
32    19990206  1938  141.740  -61.413  244.0      14.03     
32    19990206  1938  141.740  -61.413  244.7      14.03     
32    19990206  1938  141.740  -61.413  245.3      13.39     
32    19990206  1938  141.740  -61.413  245.9      13.81     
32    19990206  1938  141.740  -61.413  246.6      13.59     
32    19990206  1938  141.740  -61.413  247.2      14.02     
32    19990206  1938  141.740  -61.413  247.8      14.04     
32    19990206  1938  141.740  -61.413  248.4      14.05     
32    19990206  1938  141.740  -61.413  249.1      14.03     
32    19990206  1938  141.740  -61.413  249.7      14.01     
32    19990206  1938  141.740  -61.413  250.3      13.98     
32    19990206  1938  141.740  -61.413  251.0      13.96     
32    19990206  1938  141.740  -61.413  251.6      13.93     
32    19990206  1938  141.740  -61.413  252.2      13.91     
32    19990206  1938  141.740  -61.413  252.9      13.89     
32    19990206  1938  141.740  -61.413  253.5      13.87     
32    19990206  1938  141.740  -61.413  254.1      13.86     
32    19990206  1938  141.740  -61.413  254.7      13.84     
32    19990206  1938  141.740  -61.413  255.4      13.83     
32    19990206  1938  141.740  -61.413  256.0      13.81     
32    19990206  1938  141.740  -61.413  256.6      13.82     
32    19990206  1938  141.740  -61.413  257.3      13.81     
32    19990206  1938  141.740  -61.413  257.9      13.80     
32    19990206  1938  141.740  -61.413  258.5      13.78     
32    19990206  1938  141.740  -61.413  259.2      13.77     
32    19990206  1938  141.740  -61.413  259.8      13.76     
32    19990206  1938  141.740  -61.413  260.4      13.75     
32    19990206  1938  141.740  -61.413  261.0      13.74     
32    19990206  1938  141.740  -61.413  261.7      13.73     
32    19990206  1938  141.740  -61.413  262.3      13.71     
32    19990206  1938  141.740  -61.413  262.9      13.69     
32    19990206  1938  141.740  -61.413  263.6      13.69     
32    19990206  1938  141.740  -61.413  264.2      13.69     
32    19990206  1938  141.740  -61.413  264.8      13.67     
32    19990206  1938  141.740  -61.413  265.5      13.66     
32    19990206  1938  141.740  -61.413  266.1      13.64     
32    19990206  1938  141.740  -61.413  266.7      13.64     
32    19990206  1938  141.740  -61.413  267.3      13.62     
32    19990206  1938  141.740  -61.413  268.0      13.61     
32    19990206  1938  141.740  -61.413  268.6      13.60     
32    19990206  1938  141.740  -61.413  269.2      13.58     
32    19990206  1938  141.740  -61.413  269.9      13.57     
32    19990206  1938  141.740  -61.413  270.5      13.56     
32    19990206  1938  141.740  -61.413  271.1      13.55     
32    19990206  1938  141.740  -61.413  271.7      13.54     
32    19990206  1938  141.740  -61.413  272.4      13.54     
32    19990206  1938  141.740  -61.413  273.0      13.53     
32    19990206  1938  141.740  -61.413  273.6      13.52     
32    19990206  1938  141.740  -61.413  274.3      13.51     
32    19990206  1938  141.740  -61.413  274.9      13.51     
32    19990206  1938  141.740  -61.413  275.5      13.50     
32    19990206  1938  141.740  -61.413  276.1      13.49     
32    19990206  1938  141.740  -61.413  276.8      13.48     
32    19990206  1938  141.740  -61.413  277.4      13.48     
32    19990206  1938  141.740  -61.413  278.0      13.46     
32    19990206  1938  141.740  -61.413  278.7      13.45     
32    19990206  1938  141.740  -61.413  279.3      13.42     
32    19990206  1938  141.740  -61.413  279.9      13.42     
32    19990206  1938  141.740  -61.413  280.5      13.40     
32    19990206  1938  141.740  -61.413  281.2      13.39     
32    19990206  1938  141.740  -61.413  281.8      13.37     
32    19990206  1938  141.740  -61.413  282.4      13.36     
32    19990206  1938  141.740  -61.413  283.1      13.34     
32    19990206  1938  141.740  -61.413  283.7      13.25     
32    19990206  1938  141.740  -61.413  284.3      13.32     
32    19990206  1938  141.740  -61.413  284.9      13.33     
32    19990206  1938  141.740  -61.413  285.6      13.33     
32    19990206  1938  141.740  -61.413  286.2      13.32     
32    19990206  1938  141.740  -61.413  286.8      13.31     
32    19990206  1938  141.740  -61.413  287.4      13.31     
32    19990206  1938  141.740  -61.413  288.1      13.30     
32    19990206  1938  141.740  -61.413  288.7      13.29     
32    19990206  1938  141.740  -61.413  289.3      13.28     
32    19990206  1938  141.740  -61.413  290.       13.26     
32    19990206  1938  141.740  -61.413  290.6      13.26     
32    19990206  1938  141.740  -61.413  291.2      13.24     
32    19990206  1938  141.740  -61.413  291.8      13.24     
32    19990206  1938  141.740  -61.413  292.5      13.22     
32    19990206  1938  141.740  -61.413  293.1      13.22     
32    19990206  1938  141.740  -61.413  293.7      13.21     
32    19990206  1938  141.740  -61.413  294.4      13.20     
32    19990206  1938  141.740  -61.413  295.0      13.18     
32    19990206  1938  141.740  -61.413  295.6      13.17     
32    19990206  1938  141.740  -61.413  296.2      13.16     
32    19990206  1938  141.740  -61.413  296.9      13.15     
32    19990206  1938  141.740  -61.413  297.5      13.13     
32    19990206  1938  141.740  -61.413  298.1      13.11     
32    19990206  1938  141.740  -61.413  298.7      13.10     
32    19990206  1938  141.740  -61.413  299.4      13.08     
32    19990206  1938  141.740  -61.413  300.0      13.07     
32    19990206  1938  141.740  -61.413  300.6      13.06     
32    19990206  1938  141.740  -61.413  301.2      13.04     
32    19990206  1938  141.740  -61.413  301.9      13.03     
32    19990206  1938  141.740  -61.413  302.5      13.02     
32    19990206  1938  141.740  -61.413  303.1      13.01     
32    19990206  1938  141.740  -61.413  303.8      13.01     
32    19990206  1938  141.740  -61.413  304.4      13.00     
32    19990206  1938  141.740  -61.413  305.0      12.97     
32    19990206  1938  141.740  -61.413  305.6      12.85     
32    19990206  1938  141.740  -61.413  306.3      12.88     
32    19990206  1938  141.740  -61.413  306.9      12.86     
32    19990206  1938  141.740  -61.413  307.5      12.86     
32    19990206  1938  141.740  -61.413  308.1      12.90     
32    19990206  1938  141.740  -61.413  308.8      12.91     
32    19990206  1938  141.740  -61.413  309.4      12.89     
32    19990206  1938  141.740  -61.413  310.0      12.88     
32    19990206  1938  141.740  -61.413  310.6      12.86     
32    19990206  1938  141.740  -61.413  311.3      12.85     
32    19990206  1938  141.740  -61.413  311.9      12.84     
32    19990206  1938  141.740  -61.413  312.5      12.83     
32    19990206  1938  141.740  -61.413  313.1      12.82     
32    19990206  1938  141.740  -61.413  313.8      12.81     
32    19990206  1938  141.740  -61.413  314.4      12.78     
32    19990206  1938  141.740  -61.413  315.0      12.78     
32    19990206  1938  141.740  -61.413  315.7      12.76     
32    19990206  1938  141.740  -61.413  316.3      12.76     
32    19990206  1938  141.740  -61.413  316.9      11.32     
32    19990206  1938  141.740  -61.413  317.5      12.22     
32    19990206  1938  141.740  -61.413  318.2      11.80     
32    19990206  1938  141.740  -61.413  318.8      12.04     
32    19990206  1938  141.740  -61.413  319.4      12.21     
32    19990206  1938  141.740  -61.413  320.0      12.00     
32    19990206  1938  141.740  -61.413  320.7      12.57     
32    19990206  1938  141.740  -61.413  321.3      11.87     
32    19990206  1938  141.740  -61.413  321.9      12.22     
32    19990206  1938  141.740  -61.413  322.5      12.77     
32    19990206  1938  141.740  -61.413  323.2      12.80     
32    19990206  1938  141.740  -61.413  323.8      12.80     
32    19990206  1938  141.740  -61.413  324.4      12.23     
32    19990206  1938  141.740  -61.413  325.0      12.62     
32    19990206  1938  141.740  -61.413  325.7      12.80     
32    19990206  1938  141.740  -61.413  326.3      12.78     
32    19990206  1938  141.740  -61.413  326.9      12.76     
32    19990206  1938  141.740  -61.413  327.5      12.76     
32    19990206  1938  141.740  -61.413  328.2      12.74     
32    19990206  1938  141.740  -61.413  328.8      12.73     
32    19990206  1938  141.740  -61.413  329.4      12.72     
32    19990206  1938  141.740  -61.413  330.0      12.71     
32    19990206  1938  141.740  -61.413  330.7      12.71     
32    19990206  1938  141.740  -61.413  331.3      12.71     
32    19990206  1938  141.740  -61.413  331.9      12.71     
32    19990206  1938  141.740  -61.413  332.5      12.74     
32    19990206  1938  141.740  -61.413  333.2      12.75     
32    19990206  1938  141.740  -61.413  333.8      12.83     
32    19990206  1938  141.740  -61.413  334.4      12.86     
32    19990206  1938  141.740  -61.413  335.0      12.88     
32    19990206  1938  141.740  -61.413  335.7      12.89     
32    19990206  1938  141.740  -61.413  336.3      12.88     
32    19990206  1938  141.740  -61.413  336.9      12.87     
32    19990206  1938  141.740  -61.413  337.5      12.88     
32    19990206  1938  141.740  -61.413  338.2      12.87     
32    19990206  1938  141.740  -61.413  338.8      12.87     
32    19990206  1938  141.740  -61.413  339.4      12.86     
32    19990206  1938  141.740  -61.413  340.0      12.86     
32    19990206  1938  141.740  -61.413  340.6      12.85     
32    19990206  1938  141.740  -61.413  341.3      12.86     
32    19990206  1938  141.740  -61.413  341.9      12.85     
32    19990206  1938  141.740  -61.413  342.5      12.83     
32    19990206  1938  141.740  -61.413  343.1      12.83     
32    19990206  1938  141.740  -61.413  343.8      12.83     
32    19990206  1938  141.740  -61.413  344.4      12.81     
32    19990206  1938  141.740  -61.413  345.0      12.79     
32    19990206  1938  141.740  -61.413  345.6      12.79     
32    19990206  1938  141.740  -61.413  346.3      12.78     
32    19990206  1938  141.740  -61.413  346.9      12.79     
32    19990206  1938  141.740  -61.413  347.5      12.79     
32    19990206  1938  141.740  -61.413  348.1      12.77     
32    19990206  1938  141.740  -61.413  348.8      12.75     
32    19990206  1938  141.740  -61.413  349.4      12.74     
32    19990206  1938  141.740  -61.413  350.0      12.72     
32    19990206  1938  141.740  -61.413  350.6      12.72     
32    19990206  1938  141.740  -61.413  351.3      12.70     
32    19990206  1938  141.740  -61.413  351.9      12.68     
32    19990206  1938  141.740  -61.413  352.5      12.66     
32    19990206  1938  141.740  -61.413  353.1      12.63     
32    19990206  1938  141.740  -61.413  353.7      12.61     
32    19990206  1938  141.740  -61.413  354.4      12.58     
32    19990206  1938  141.740  -61.413  355.0      12.56     
32    19990206  1938  141.740  -61.413  355.6      12.54     
32    19990206  1938  141.740  -61.413  356.2      12.50     
32    19990206  1938  141.740  -61.413  356.9      12.48     
32    19990206  1938  141.740  -61.413  357.5      12.44     
32    19990206  1938  141.740  -61.413  358.1      12.43     
32    19990206  1938  141.740  -61.413  358.7      12.41     
32    19990206  1938  141.740  -61.413  359.4      12.38     
32    19990206  1938  141.740  -61.413  360.0      12.37     
32    19990206  1938  141.740  -61.413  360.6      12.35     
32    19990206  1938  141.740  -61.413  361.2      12.33     
32    19990206  1938  141.740  -61.413  361.8      12.31     
32    19990206  1938  141.740  -61.413  362.5      12.31     
32    19990206  1938  141.740  -61.413  363.1      12.30     
32    19990206  1938  141.740  -61.413  363.7      12.29     
32    19990206  1938  141.740  -61.413  364.3      12.29     
32    19990206  1938  141.740  -61.413  365.       12.28     
32    19990206  1938  141.740  -61.413  365.6      12.28     
32    19990206  1938  141.740  -61.413  366.2      12.28     
32    19990206  1938  141.740  -61.413  366.8      12.28     
32    19990206  1938  141.740  -61.413  367.4      12.27     
32    19990206  1938  141.740  -61.413  368.1      12.27     
32    19990206  1938  141.740  -61.413  368.7      12.27     
32    19990206  1938  141.740  -61.413  369.3      12.27     
32    19990206  1938  141.740  -61.413  369.9      12.27     
32    19990206  1938  141.740  -61.413  370.6      12.28     
32    19990206  1938  141.740  -61.413  371.2      12.27     
32    19990206  1938  141.740  -61.413  371.8      12.26     
32    19990206  1938  141.740  -61.413  372.4      12.26     
32    19990206  1938  141.740  -61.413  373.0      12.28     
32    19990206  1938  141.740  -61.413  373.7      12.30     
32    19990206  1938  141.740  -61.413  374.3      12.35     
32    19990206  1938  141.740  -61.413  374.9      12.38     
32    19990206  1938  141.740  -61.413  375.5      12.37     
32    19990206  1938  141.740  -61.413  376.1      12.35     
32    19990206  1938  141.740  -61.413  376.8      12.31     
32    19990206  1938  141.740  -61.413  377.4      12.27     
32    19990206  1938  141.740  -61.413  378.0      12.25     
32    19990206  1938  141.740  -61.413  378.6      12.24     
32    19990206  1938  141.740  -61.413  379.3      12.22     
32    19990206  1938  141.740  -61.413  379.9      12.20     
32    19990206  1938  141.740  -61.413  380.5      12.18     
32    19990206  1938  141.740  -61.413  381.1      12.16     
32    19990206  1938  141.740  -61.413  381.7      12.14     
32    19990206  1938  141.740  -61.413  382.4      12.14     
32    19990206  1938  141.740  -61.413  383.0      12.12     
32    19990206  1938  141.740  -61.413  383.6      12.11     
32    19990206  1938  141.740  -61.413  384.2      12.10     
32    19990206  1938  141.740  -61.413  384.8      12.08     
32    19990206  1938  141.740  -61.413  385.5      12.08     
32    19990206  1938  141.740  -61.413  386.1      12.07     
32    19990206  1938  141.740  -61.413  386.7      12.06     
32    19990206  1938  141.740  -61.413  387.3      12.05     
32    19990206  1938  141.740  -61.413  388.       12.04     
32    19990206  1938  141.740  -61.413  388.6      12.04     
32    19990206  1938  141.740  -61.413  389.2      12.03     
32    19990206  1938  141.740  -61.413  389.8      12.03     
32    19990206  1938  141.740  -61.413  390.4      12.02     
32    19990206  1938  141.740  -61.413  391.1      12.01     
32    19990206  1938  141.740  -61.413  391.7      12.00     
32    19990206  1938  141.740  -61.413  392.3      11.99     
32    19990206  1938  141.740  -61.413  392.9      11.97     
32    19990206  1938  141.740  -61.413  393.5      11.96     
32    19990206  1938  141.740  -61.413  394.2      11.96     
32    19990206  1938  141.740  -61.413  394.8      11.95     
32    19990206  1938  141.740  -61.413  395.4      11.96     
32    19990206  1938  141.740  -61.413  396.0      11.97     
32    19990206  1938  141.740  -61.413  396.6      11.97     
32    19990206  1938  141.740  -61.413  397.3      11.97     
32    19990206  1938  141.740  -61.413  397.9      11.97     
32    19990206  1938  141.740  -61.413  398.5      11.97     
32    19990206  1938  141.740  -61.413  399.1      11.97     
32    19990206  1938  141.740  -61.413  399.7      11.97     
32    19990206  1938  141.740  -61.413  400.4      11.96     
32    19990206  1938  141.740  -61.413  401.0      11.96     
32    19990206  1938  141.740  -61.413  401.6      11.97     
32    19990206  1938  141.740  -61.413  402.2      11.96     
32    19990206  1938  141.740  -61.413  402.8      11.96     
32    19990206  1938  141.740  -61.413  403.5      11.95     
32    19990206  1938  141.740  -61.413  404.1      11.95     
32    19990206  1938  141.740  -61.413  404.7      11.93     
32    19990206  1938  141.740  -61.413  405.3      11.94     
32    19990206  1938  141.740  -61.413  405.9      11.94     
32    19990206  1938  141.740  -61.413  406.6      11.93     
32    19990206  1938  141.740  -61.413  407.2      11.91     
32    19990206  1938  141.740  -61.413  407.8      11.89     
32    19990206  1938  141.740  -61.413  408.4      11.88     
32    19990206  1938  141.740  -61.413  409.0      11.88     
32    19990206  1938  141.740  -61.413  409.7      11.87     
32    19990206  1938  141.740  -61.413  410.3      11.85     
32    19990206  1938  141.740  -61.413  410.9      11.83     
32    19990206  1938  141.740  -61.413  411.5      11.83     
32    19990206  1938  141.740  -61.413  412.1      11.80     
32    19990206  1938  141.740  -61.413  412.7      11.80     
32    19990206  1938  141.740  -61.413  413.4      11.79     
32    19990206  1938  141.740  -61.413  414.0      11.77     
32    19990206  1938  141.740  -61.413  414.6      11.77     
32    19990206  1938  141.740  -61.413  415.2      11.77     
32    19990206  1938  141.740  -61.413  415.8      11.76     
32    19990206  1938  141.740  -61.413  416.5      11.75     
32    19990206  1938  141.740  -61.413  417.1      11.76     
32    19990206  1938  141.740  -61.413  417.7      11.74     
32    19990206  1938  141.740  -61.413  418.3      11.74     
32    19990206  1938  141.740  -61.413  418.9      11.75     
32    19990206  1938  141.740  -61.413  419.6      11.73     
32    19990206  1938  141.740  -61.413  420.2      11.73     
32    19990206  1938  141.740  -61.413  420.8      11.73     
32    19990206  1938  141.740  -61.413  421.4      11.70     
32    19990206  1938  141.740  -61.413  422.0      11.71     
32    19990206  1938  141.740  -61.413  422.6      11.69     
32    19990206  1938  141.740  -61.413  423.3      11.69     
32    19990206  1938  141.740  -61.413  423.9      11.71     
32    19990206  1938  141.740  -61.413  424.5      11.79     
32    19990206  1938  141.740  -61.413  425.1      11.82     
32    19990206  1938  141.740  -61.413  425.7      11.77     
32    19990206  1938  141.740  -61.413  426.4      11.71     
32    19990206  1938  141.740  -61.413  427.0      11.68     
32    19990206  1938  141.740  -61.413  427.6      11.66     
32    19990206  1938  141.740  -61.413  428.2      11.64     
32    19990206  1938  141.740  -61.413  428.8      11.62     
32    19990206  1938  141.740  -61.413  429.4      11.59     
32    19990206  1938  141.740  -61.413  430.1      11.58     
32    19990206  1938  141.740  -61.413  430.7      11.55     
32    19990206  1938  141.740  -61.413  431.3      11.54     
32    19990206  1938  141.740  -61.413  431.9      11.54     
32    19990206  1938  141.740  -61.413  432.5      11.53     
32    19990206  1938  141.740  -61.413  433.2      11.53     
32    19990206  1938  141.740  -61.413  433.8      11.51     
32    19990206  1938  141.740  -61.413  434.4      11.50     
32    19990206  1938  141.740  -61.413  435.0      11.50     
32    19990206  1938  141.740  -61.413  435.6      11.48     
32    19990206  1938  141.740  -61.413  436.2      11.48     
32    19990206  1938  141.740  -61.413  436.9      11.48     
32    19990206  1938  141.740  -61.413  437.5      11.46     
32    19990206  1938  141.740  -61.413  438.1      11.46     
32    19990206  1938  141.740  -61.413  438.7      11.45     
32    19990206  1938  141.740  -61.413  439.3      11.43     
32    19990206  1938  141.740  -61.413  439.9      11.42     
32    19990206  1938  141.740  -61.413  440.6      11.40     
32    19990206  1938  141.740  -61.413  441.2      11.39     
32    19990206  1938  141.740  -61.413  441.8      11.37     
32    19990206  1938  141.740  -61.413  442.4      11.38     
32    19990206  1938  141.740  -61.413  443.0      11.37     
32    19990206  1938  141.740  -61.413  443.6      11.36     
32    19990206  1938  141.740  -61.413  444.3      11.36     
32    19990206  1938  141.740  -61.413  444.9      11.36     
32    19990206  1938  141.740  -61.413  445.5      11.37     
32    19990206  1938  141.740  -61.413  446.1      11.37     
32    19990206  1938  141.740  -61.413  446.7      11.35     
32    19990206  1938  141.740  -61.413  447.3      11.36     
32    19990206  1938  141.740  -61.413  448.0      11.35     
32    19990206  1938  141.740  -61.413  448.6      11.35     
32    19990206  1938  141.740  -61.413  449.2      11.34     
32    19990206  1938  141.740  -61.413  449.8      11.33     
32    19990206  1938  141.740  -61.413  450.4      11.34     
32    19990206  1938  141.740  -61.413  451.0      11.40     
32    19990206  1938  141.740  -61.413  451.7      11.42     
32    19990206  1938  141.740  -61.413  452.3      11.42     
32    19990206  1938  141.740  -61.413  452.9      11.43     
32    19990206  1938  141.740  -61.413  453.5      11.43     
32    19990206  1938  141.740  -61.413  454.1      11.41     
32    19990206  1938  141.740  -61.413  454.7      11.42     
32    19990206  1938  141.740  -61.413  455.4      11.41     
32    19990206  1938  141.740  -61.413  456.0      11.40     
32    19990206  1938  141.740  -61.413  456.6      11.41     
32    19990206  1938  141.740  -61.413  457.2      11.40     
32    19990206  1938  141.740  -61.413  457.8      11.39     
32    19990206  1938  141.740  -61.413  458.4      11.38     
32    19990206  1938  141.740  -61.413  459.1      11.38     
32    19990206  1938  141.740  -61.413  459.7      11.38     
32    19990206  1938  141.740  -61.413  460.3      11.38     
32    19990206  1938  141.740  -61.413  460.9      11.37     
32    19990206  1938  141.740  -61.413  461.5      11.37     
32    19990206  1938  141.740  -61.413  462.1      11.37     
32    19990206  1938  141.740  -61.413  462.7      11.38     
32    19990206  1938  141.740  -61.413  463.4      11.38     
32    19990206  1938  141.740  -61.413  464.0      11.38     
32    19990206  1938  141.740  -61.413  464.6      11.39     
32    19990206  1938  141.740  -61.413  465.2      11.41     
32    19990206  1938  141.740  -61.413  465.8      11.53     
32    19990206  1938  141.740  -61.413  466.4      11.45     
32    19990206  1938  141.740  -61.413  467.1      11.41     
32    19990206  1938  141.740  -61.413  467.7      11.38     
32    19990206  1938  141.740  -61.413  468.3      11.36     
32    19990206  1938  141.740  -61.413  468.9      11.35     
32    19990206  1938  141.740  -61.413  469.5      11.32     
32    19990206  1938  141.740  -61.413  470.1      11.31     
32    19990206  1938  141.740  -61.413  470.7      11.30     
32    19990206  1938  141.740  -61.413  471.4      11.29     
32    19990206  1938  141.740  -61.413  472.0      11.29     
32    19990206  1938  141.740  -61.413  472.6      11.29     
32    19990206  1938  141.740  -61.413  473.2      11.29     
32    19990206  1938  141.740  -61.413  473.8      11.27     
32    19990206  1938  141.740  -61.413  474.4      11.27     
32    19990206  1938  141.740  -61.413  475.0      11.26     
32    19990206  1938  141.740  -61.413  475.7      11.25     
32    19990206  1938  141.740  -61.413  476.3      11.24     
32    19990206  1938  141.740  -61.413  476.9      11.23     
32    19990206  1938  141.740  -61.413  477.5      11.22     
32    19990206  1938  141.740  -61.413  478.1      11.22     
32    19990206  1938  141.740  -61.413  478.7      11.21     
32    19990206  1938  141.740  -61.413  479.4      11.20     
32    19990206  1938  141.740  -61.413  480.0      11.20     
32    19990206  1938  141.740  -61.413  480.6      11.19     
32    19990206  1938  141.740  -61.413  481.2      11.19     
32    19990206  1938  141.740  -61.413  481.8      11.19     
32    19990206  1938  141.740  -61.413  482.4      11.18     
32    19990206  1938  141.740  -61.413  483.0      11.17     
32    19990206  1938  141.740  -61.413  483.7      11.16     
32    19990206  1938  141.740  -61.413  484.3      11.17     
32    19990206  1938  141.740  -61.413  484.9      11.14     
32    19990206  1938  141.740  -61.413  485.5      11.14     
32    19990206  1938  141.740  -61.413  486.1      11.14     
32    19990206  1938  141.740  -61.413  486.7      11.13     
32    19990206  1938  141.740  -61.413  487.3      11.12     
32    19990206  1938  141.740  -61.413  487.9      11.13     
32    19990206  1938  141.740  -61.413  488.6      11.12     
32    19990206  1938  141.740  -61.413  489.2      11.10     
32    19990206  1938  141.740  -61.413  489.8      11.11     
32    19990206  1938  141.740  -61.413  490.4      11.10     
32    19990206  1938  141.740  -61.413  491.0      11.11     
32    19990206  1938  141.740  -61.413  491.6      11.23     
32    19990206  1938  141.740  -61.413  492.2      11.16     
32    19990206  1938  141.740  -61.413  492.9      11.13     
32    19990206  1938  141.740  -61.413  493.5      11.10     
32    19990206  1938  141.740  -61.413  494.1      11.09     
32    19990206  1938  141.740  -61.413  494.7      11.07     
32    19990206  1938  141.740  -61.413  495.3      11.04     
32    19990206  1938  141.740  -61.413  495.9      11.02     
32    19990206  1938  141.740  -61.413  496.5      11.01     
32    19990206  1938  141.740  -61.413  497.1      11.00     
32    19990206  1938  141.740  -61.413  497.8      10.99     
32    19990206  1938  141.740  -61.413  498.4      10.99     
32    19990206  1938  141.740  -61.413  499.0      10.98     
32    19990206  1938  141.740  -61.413  499.6      10.98     
32    19990206  1938  141.740  -61.413  500.2      10.97     
32    19990206  1938  141.740  -61.413  500.8      10.96     
32    19990206  1938  141.740  -61.413  501.4      10.95     
32    19990206  1938  141.740  -61.413  502.1      10.95     
32    19990206  1938  141.740  -61.413  502.7      10.94     
32    19990206  1938  141.740  -61.413  503.3      10.93     
32    19990206  1938  141.740  -61.413  503.9      10.93     
32    19990206  1938  141.740  -61.413  504.5      10.92     
32    19990206  1938  141.740  -61.413  505.1      10.92     
32    19990206  1938  141.740  -61.413  505.7      10.92     
32    19990206  1938  141.740  -61.413  506.3      10.91     
32    19990206  1938  141.740  -61.413  507.       10.91     
32    19990206  1938  141.740  -61.413  507.6      10.90     
32    19990206  1938  141.740  -61.413  508.2      10.90     
32    19990206  1938  141.740  -61.413  508.8      10.90     
32    19990206  1938  141.740  -61.413  509.4      10.90     
32    19990206  1938  141.740  -61.413  510.0      10.89     
32    19990206  1938  141.740  -61.413  510.6      10.89     
32    19990206  1938  141.740  -61.413  511.2      10.89     
32    19990206  1938  141.740  -61.413  511.9      10.89     
32    19990206  1938  141.740  -61.413  512.5      10.89     
32    19990206  1938  141.740  -61.413  513.1      10.88     
32    19990206  1938  141.740  -61.413  513.7      10.89     
32    19990206  1938  141.740  -61.413  514.3      10.88     
32    19990206  1938  141.740  -61.413  514.9      10.89     
32    19990206  1938  141.740  -61.413  515.5      10.89     
32    19990206  1938  141.740  -61.413  516.1      10.89     
32    19990206  1938  141.740  -61.413  516.7      10.89     
32    19990206  1938  141.740  -61.413  517.4      10.89     
32    19990206  1938  141.740  -61.413  518.0      10.89     
32    19990206  1938  141.740  -61.413  518.6      10.89     
32    19990206  1938  141.740  -61.413  519.2      10.91     
32    19990206  1938  141.740  -61.413  519.8      11.02     
32    19990206  1938  141.740  -61.413  520.4      10.98     
32    19990206  1938  141.740  -61.413  521.0      10.93     
32    19990206  1938  141.740  -61.413  521.6      10.91     
32    19990206  1938  141.740  -61.413  522.3      10.89     
32    19990206  1938  141.740  -61.413  522.9      10.86     
32    19990206  1938  141.740  -61.413  523.5      10.84     
32    19990206  1938  141.740  -61.413  524.1      10.83     
32    19990206  1938  141.740  -61.413  524.7      10.81     
32    19990206  1938  141.740  -61.413  525.3      10.79     
32    19990206  1938  141.740  -61.413  525.9      10.77     
32    19990206  1938  141.740  -61.413  526.5      10.78     
32    19990206  1938  141.740  -61.413  527.1      10.78     
32    19990206  1938  141.740  -61.413  527.8      10.77     
32    19990206  1938  141.740  -61.413  528.4      10.77     
32    19990206  1938  141.740  -61.413  529.0      10.77     
32    19990206  1938  141.740  -61.413  529.6      10.77     
32    19990206  1938  141.740  -61.413  530.2      10.77     
32    19990206  1938  141.740  -61.413  530.8      10.77     
32    19990206  1938  141.740  -61.413  531.4      10.78     
32    19990206  1938  141.740  -61.413  532.0      10.78     
32    19990206  1938  141.740  -61.413  532.6      10.78     
32    19990206  1938  141.740  -61.413  533.2      10.78     
32    19990206  1938  141.740  -61.413  533.9      10.78     
32    19990206  1938  141.740  -61.413  534.5      10.78     
32    19990206  1938  141.740  -61.413  535.1      10.80     
32    19990206  1938  141.740  -61.413  535.7      10.82     
32    19990206  1938  141.740  -61.413  536.3      10.85     
32    19990206  1938  141.740  -61.413  536.9      10.86     
32    19990206  1938  141.740  -61.413  537.5      10.89     
32    19990206  1938  141.740  -61.413  538.1      10.89     
32    19990206  1938  141.740  -61.413  538.7      10.89     
32    19990206  1938  141.740  -61.413  539.4      10.89     
32    19990206  1938  141.740  -61.413  540.0      10.89     
32    19990206  1938  141.740  -61.413  540.6      10.90     
32    19990206  1938  141.740  -61.413  541.2      10.90     
32    19990206  1938  141.740  -61.413  541.8      10.91     
32    19990206  1938  141.740  -61.413  542.4      10.92     
32    19990206  1938  141.740  -61.413  543.0      10.94     
32    19990206  1938  141.740  -61.413  543.6      10.93     
32    19990206  1938  141.740  -61.413  544.2      10.94     
32    19990206  1938  141.740  -61.413  544.8      10.94     
32    19990206  1938  141.740  -61.413  545.5      10.95     
32    19990206  1938  141.740  -61.413  546.1      10.96     
32    19990206  1938  141.740  -61.413  546.7      10.97     
32    19990206  1938  141.740  -61.413  547.3      10.97     
32    19990206  1938  141.740  -61.413  547.9      10.97     
32    19990206  1938  141.740  -61.413  548.5      10.98     
32    19990206  1938  141.740  -61.413  549.1      10.98     
32    19990206  1938  141.740  -61.413  549.7      10.98     
32    19990206  1938  141.740  -61.413  550.3      11.00     
32    19990206  1938  141.740  -61.413  550.9      11.04     
32    19990206  1938  141.740  -61.413  551.5      11.15     
32    19990206  1938  141.740  -61.413  552.2      11.07     
32    19990206  1938  141.740  -61.413  552.8      11.03     
32    19990206  1938  141.740  -61.413  553.4      11.00     
32    19990206  1938  141.740  -61.413  554.0      10.96     
32    19990206  1938  141.740  -61.413  554.6      10.96     
32    19990206  1938  141.740  -61.413  555.2      10.95     
32    19990206  1938  141.740  -61.413  555.8      10.91     
32    19990206  1938  141.740  -61.413  556.4      10.88     
32    19990206  1938  141.740  -61.413  557.0      10.86     
32    19990206  1938  141.740  -61.413  557.6      10.84     
32    19990206  1938  141.740  -61.413  558.2      10.81     
32    19990206  1938  141.740  -61.413  558.9      10.79     
32    19990206  1938  141.740  -61.413  559.5      10.77     
32    19990206  1938  141.740  -61.413  560.1      10.76     
32    19990206  1938  141.740  -61.413  560.7      10.74     
32    19990206  1938  141.740  -61.413  561.3      10.72     
32    19990206  1938  141.740  -61.413  561.9      10.72     
32    19990206  1938  141.740  -61.413  562.5      10.70     
32    19990206  1938  141.740  -61.413  563.1      10.70     
32    19990206  1938  141.740  -61.413  563.7      10.69     
32    19990206  1938  141.740  -61.413  564.3      10.68     
32    19990206  1938  141.740  -61.413  564.9      10.68     
32    19990206  1938  141.740  -61.413  565.5      10.67     
32    19990206  1938  141.740  -61.413  566.2      10.66     
32    19990206  1938  141.740  -61.413  566.8      10.66     
32    19990206  1938  141.740  -61.413  567.4      10.66     
32    19990206  1938  141.740  -61.413  568.0      10.66     
32    19990206  1938  141.740  -61.413  568.6      10.66     
32    19990206  1938  141.740  -61.413  569.2      10.65     
32    19990206  1938  141.740  -61.413  569.8      10.65     
32    19990206  1938  141.740  -61.413  570.4      10.66     
32    19990206  1938  141.740  -61.413  571.0      10.66     
32    19990206  1938  141.740  -61.413  571.6      10.68     
32    19990206  1938  141.740  -61.413  572.2      10.69     
32    19990206  1938  141.740  -61.413  572.8      10.68     
32    19990206  1938  141.740  -61.413  573.5      10.70     
32    19990206  1938  141.740  -61.413  574.1      10.70     
32    19990206  1938  141.740  -61.413  574.7      10.70     
32    19990206  1938  141.740  -61.413  575.3      10.70     
32    19990206  1938  141.740  -61.413  575.9      10.70     
32    19990206  1938  141.740  -61.413  576.5      10.71     
32    19990206  1938  141.740  -61.413  577.1      10.71     
32    19990206  1938  141.740  -61.413  577.7      10.70     
32    19990206  1938  141.740  -61.413  578.3      10.71     
32    19990206  1938  141.740  -61.413  578.9      10.72     
32    19990206  1938  141.740  -61.413  579.5      10.71     
32    19990206  1938  141.740  -61.413  580.1      10.72     
32    19990206  1938  141.740  -61.413  580.7      10.71     
32    19990206  1938  141.740  -61.413  581.3      10.71     
32    19990206  1938  141.740  -61.413  582.       10.73     
32    19990206  1938  141.740  -61.413  582.6      10.71     
32    19990206  1938  141.740  -61.413  583.2      10.72     
32    19990206  1938  141.740  -61.413  583.8      10.73     
32    19990206  1938  141.740  -61.413  584.4      10.74     
32    19990206  1938  141.740  -61.413  585.0      10.77     
32    19990206  1938  141.740  -61.413  585.6      10.94     
32    19990206  1938  141.740  -61.413  586.2      10.81     
32    19990206  1938  141.740  -61.413  586.8      10.77     
32    19990206  1938  141.740  -61.413  587.4      10.75     
32    19990206  1938  141.740  -61.413  588.0      10.73     
32    19990206  1938  141.740  -61.413  588.6      10.71     
32    19990206  1938  141.740  -61.413  589.2      10.69     
32    19990206  1938  141.740  -61.413  589.8      10.67     
32    19990206  1938  141.740  -61.413  590.5      10.65     
32    19990206  1938  141.740  -61.413  591.1      10.63     
32    19990206  1938  141.740  -61.413  591.7      10.62     
32    19990206  1938  141.740  -61.413  592.3      10.61     
32    19990206  1938  141.740  -61.413  592.9      10.59     
32    19990206  1938  141.740  -61.413  593.5      10.57     
32    19990206  1938  141.740  -61.413  594.1      10.57     
32    19990206  1938  141.740  -61.413  594.7      10.55     
32    19990206  1938  141.740  -61.413  595.3      10.54     
32    19990206  1938  141.740  -61.413  595.9      10.53     
32    19990206  1938  141.740  -61.413  596.5      10.53     
32    19990206  1938  141.740  -61.413  597.1      10.51     
32    19990206  1938  141.740  -61.413  597.7      10.51     
32    19990206  1938  141.740  -61.413  598.3      10.51     
32    19990206  1938  141.740  -61.413  598.9      10.49     
32    19990206  1938  141.740  -61.413  599.5      10.50     
32    19990206  1938  141.740  -61.413  600.1      10.47     
32    19990206  1938  141.740  -61.413  600.8      10.48     
32    19990206  1938  141.740  -61.413  601.4      10.47     
32    19990206  1938  141.740  -61.413  602.0      10.46     
32    19990206  1938  141.740  -61.413  602.6      10.48     
32    19990206  1938  141.740  -61.413  603.2      10.48     
32    19990206  1938  141.740  -61.413  603.8      10.48     
32    19990206  1938  141.740  -61.413  604.4      10.48     
32    19990206  1938  141.740  -61.413  605.0      10.48     
32    19990206  1938  141.740  -61.413  605.6      10.48     
32    19990206  1938  141.740  -61.413  606.2      10.48     
32    19990206  1938  141.740  -61.413  606.8      10.49     
32    19990206  1938  141.740  -61.413  607.4      10.49     
32    19990206  1938  141.740  -61.413  608.0      10.49     
32    19990206  1938  141.740  -61.413  608.6      10.49     
32    19990206  1938  141.740  -61.413  609.2      10.51     
32    19990206  1938  141.740  -61.413  609.8      10.51     
32    19990206  1938  141.740  -61.413  610.4      10.52     
32    19990206  1938  141.740  -61.413  611.0      10.51     
32    19990206  1938  141.740  -61.413  611.7      10.53     
32    19990206  1938  141.740  -61.413  612.3      10.52     
32    19990206  1938  141.740  -61.413  612.9      10.55     
32    19990206  1938  141.740  -61.413  613.5      10.53     
32    19990206  1938  141.740  -61.413  614.1      10.55     
32    19990206  1938  141.740  -61.413  614.7      10.57     
32    19990206  1938  141.740  -61.413  615.3      10.57     
32    19990206  1938  141.740  -61.413  615.9      10.58     
32    19990206  1938  141.740  -61.413  616.5      10.60     
32    19990206  1938  141.740  -61.413  617.1      10.63     
32    19990206  1938  141.740  -61.413  617.7      10.64     
32    19990206  1938  141.740  -61.413  618.3      10.66     
32    19990206  1938  141.740  -61.413  618.9      10.66     
32    19990206  1938  141.740  -61.413  619.5      10.83     
32    19990206  1938  141.740  -61.413  620.1      10.79     
32    19990206  1938  141.740  -61.413  620.7      10.74     
32    19990206  1938  141.740  -61.413  621.3      10.73     
32    19990206  1938  141.740  -61.413  621.9      10.70     
32    19990206  1938  141.740  -61.413  622.5      10.69     
32    19990206  1938  141.740  -61.413  623.1      10.71     
32    19990206  1938  141.740  -61.413  623.7      10.73     
32    19990206  1938  141.740  -61.413  624.3      10.74     
32    19990206  1938  141.740  -61.413  625.       10.77     
32    19990206  1938  141.740  -61.413  625.6      10.77     
32    19990206  1938  141.740  -61.413  626.2      10.73     
32    19990206  1938  141.740  -61.413  626.8      10.67     
32    19990206  1938  141.740  -61.413  627.4      10.63     
32    19990206  1938  141.740  -61.413  628.0      10.59     
32    19990206  1938  141.740  -61.413  628.6      10.56     
32    19990206  1938  141.740  -61.413  629.2      10.54     
32    19990206  1938  141.740  -61.413  629.8      10.52     
32    19990206  1938  141.740  -61.413  630.4      10.50     
32    19990206  1938  141.740  -61.413  631.0      10.49     
32    19990206  1938  141.740  -61.413  631.6      10.46     
32    19990206  1938  141.740  -61.413  632.2      10.45     
32    19990206  1938  141.740  -61.413  632.8      10.45     
32    19990206  1938  141.740  -61.413  633.4      10.43     
32    19990206  1938  141.740  -61.413  634.0      10.42     
32    19990206  1938  141.740  -61.413  634.6      10.41     
32    19990206  1938  141.740  -61.413  635.2      10.40     
32    19990206  1938  141.740  -61.413  635.8      10.39     
32    19990206  1938  141.740  -61.413  636.4      10.40     
32    19990206  1938  141.740  -61.413  637.0      10.39     
32    19990206  1938  141.740  -61.413  637.6      10.38     
32    19990206  1938  141.740  -61.413  638.2      10.38     
32    19990206  1938  141.740  -61.413  638.8      10.38     
32    19990206  1938  141.740  -61.413  639.4      10.40     
32    19990206  1938  141.740  -61.413  640.0      10.39     
32    19990206  1938  141.740  -61.413  640.6      10.39     
32    19990206  1938  141.740  -61.413  641.2      10.39     
32    19990206  1938  141.740  -61.413  641.8      10.41     
32    19990206  1938  141.740  -61.413  642.5      10.43     
32    19990206  1938  141.740  -61.413  643.1      10.42     
32    19990206  1938  141.740  -61.413  643.7      10.44     
32    19990206  1938  141.740  -61.413  644.3      10.44     
32    19990206  1938  141.740  -61.413  644.9      10.43     
32    19990206  1938  141.740  -61.413  645.5      10.44     
32    19990206  1938  141.740  -61.413  646.1      10.44     
32    19990206  1938  141.740  -61.413  646.7      10.43     
32    19990206  1938  141.740  -61.413  647.3      10.45     
32    19990206  1938  141.740  -61.413  647.9      10.43     
32    19990206  1938  141.740  -61.413  648.5      10.44     
32    19990206  1938  141.740  -61.413  649.1      10.45     
32    19990206  1938  141.740  -61.413  649.7      10.45     
32    19990206  1938  141.740  -61.413  650.3      10.45     
32    19990206  1938  141.740  -61.413  650.9      10.44     
32    19990206  1938  141.740  -61.413  651.5      10.43     
32    19990206  1938  141.740  -61.413  652.1      10.45     
32    19990206  1938  141.740  -61.413  652.7      10.44     
32    19990206  1938  141.740  -61.413  653.3      10.45     
32    19990206  1938  141.740  -61.413  653.9      10.45     
32    19990206  1938  141.740  -61.413  654.5      10.46     
32    19990206  1938  141.740  -61.413  655.1      10.46     
32    19990206  1938  141.740  -61.413  655.7      10.46     
32    19990206  1938  141.740  -61.413  656.3      10.46     
32    19990206  1938  141.740  -61.413  656.9      10.46     
32    19990206  1938  141.740  -61.413  657.5      10.51     
32    19990206  1938  141.740  -61.413  658.1      10.58     
32    19990206  1938  141.740  -61.413  658.7      10.60     
32    19990206  1938  141.740  -61.413  659.3      10.60     
32    19990206  1938  141.740  -61.413  659.9      10.63     
32    19990206  1938  141.740  -61.413  660.5      10.63     
32    19990206  1938  141.740  -61.413  661.1      10.64     
32    19990206  1938  141.740  -61.413  661.7      10.63     
32    19990206  1938  141.740  -61.413  662.3      10.62     
32    19990206  1938  141.740  -61.413  662.9      10.60     
32    19990206  1938  141.740  -61.413  663.5      10.58     
32    19990206  1938  141.740  -61.413  664.1      10.55     
32    19990206  1938  141.740  -61.413  664.7      10.54     
32    19990206  1938  141.740  -61.413  665.3      10.53     
32    19990206  1938  141.740  -61.413  665.9      10.52     
32    19990206  1938  141.740  -61.413  666.5      10.52     
32    19990206  1938  141.740  -61.413  667.1      10.59     
32    19990206  1938  141.740  -61.413  667.7      10.55     
32    19990206  1938  141.740  -61.413  668.3      10.51     
32    19990206  1938  141.740  -61.413  668.9      10.47     
32    19990206  1938  141.740  -61.413  669.5      10.45     
32    19990206  1938  141.740  -61.413  670.1      10.44     
32    19990206  1938  141.740  -61.413  670.7      10.41     
32    19990206  1938  141.740  -61.413  671.3      10.39     
32    19990206  1938  141.740  -61.413  671.9      10.38     
32    19990206  1938  141.740  -61.413  672.5      10.37     
32    19990206  1938  141.740  -61.413  673.1      10.37     
32    19990206  1938  141.740  -61.413  673.7      10.36     
32    19990206  1938  141.740  -61.413  674.3      10.36     
32    19990206  1938  141.740  -61.413  674.9      10.36     
32    19990206  1938  141.740  -61.413  675.5      10.36     
32    19990206  1938  141.740  -61.413  676.1      10.37     
32    19990206  1938  141.740  -61.413  676.7      10.37     
32    19990206  1938  141.740  -61.413  677.3      10.37     
32    19990206  1938  141.740  -61.413  677.9      10.37     
32    19990206  1938  141.740  -61.413  678.5      10.39     
32    19990206  1938  141.740  -61.413  679.1      10.42     
32    19990206  1938  141.740  -61.413  679.7      10.48     
32    19990206  1938  141.740  -61.413  680.3      10.45     
32    19990206  1938  141.740  -61.413  680.9      10.43     
32    19990206  1938  141.740  -61.413  681.5      10.43     
32    19990206  1938  141.740  -61.413  682.1      10.43     
32    19990206  1938  141.740  -61.413  682.7      10.42     
32    19990206  1938  141.740  -61.413  683.3      10.41     
32    19990206  1938  141.740  -61.413  683.9      10.40     
32    19990206  1938  141.740  -61.413  684.5      10.41     
32    19990206  1938  141.740  -61.413  685.1      10.41     
32    19990206  1938  141.740  -61.413  685.7      10.44     
32    19990206  1938  141.740  -61.413  686.3      10.45     
32    19990206  1938  141.740  -61.413  686.9      10.47     
32    19990206  1938  141.740  -61.413  687.5      10.48     
32    19990206  1938  141.740  -61.413  688.1      10.48     
32    19990206  1938  141.740  -61.413  688.7      10.49     
32    19990206  1938  141.740  -61.413  689.3      10.51     
32    19990206  1938  141.740  -61.413  689.9      10.51     
32    19990206  1938  141.740  -61.413  690.5      10.52     
32    19990206  1938  141.740  -61.413  691.1      10.54     
32    19990206  1938  141.740  -61.413  691.7      10.56     
32    19990206  1938  141.740  -61.413  692.3      10.59     
32    19990206  1938  141.740  -61.413  692.9      10.64     
32    19990206  1938  141.740  -61.413  693.5      10.60     
32    19990206  1938  141.740  -61.413  694.1      10.58     
32    19990206  1938  141.740  -61.413  694.7      10.58     
32    19990206  1938  141.740  -61.413  695.3      10.57     
32    19990206  1938  141.740  -61.413  695.9      10.56     
32    19990206  1938  141.740  -61.413  696.5      10.56     
32    19990206  1938  141.740  -61.413  697.1      10.78     
32    19990206  1938  141.740  -61.413  697.7      10.68     
32    19990206  1938  141.740  -61.413  698.3      10.58     
32    19990206  1938  141.740  -61.413  698.9      10.55     
32    19990206  1938  141.740  -61.413  699.5      10.53     
32    19990206  1938  141.740  -61.413  700.1      10.53     
32    19990206  1938  141.740  -61.413  700.7      10.52     
32    19990206  1938  141.740  -61.413  701.3      10.52     
32    19990206  1938  141.740  -61.413  701.9      10.50     
32    19990206  1938  141.740  -61.413  702.5      10.48     
32    19990206  1938  141.740  -61.413  703.1      10.47     
32    19990206  1938  141.740  -61.413  703.7      10.46     
32    19990206  1938  141.740  -61.413  704.3      10.46     
32    19990206  1938  141.740  -61.413  704.9      10.45     
32    19990206  1938  141.740  -61.413  705.5      10.43     
32    19990206  1938  141.740  -61.413  706.1      10.42     
32    19990206  1938  141.740  -61.413  706.7      10.40     
32    19990206  1938  141.740  -61.413  707.3      10.40     
32    19990206  1938  141.740  -61.413  707.9      10.40     
32    19990206  1938  141.740  -61.413  708.5      10.40     
32    19990206  1938  141.740  -61.413  709.1      10.42     
32    19990206  1938  141.740  -61.413  709.7      10.47     
32    19990206  1938  141.740  -61.413  710.3      10.43     
32    19990206  1938  141.740  -61.413  710.9      10.42     
32    19990206  1938  141.740  -61.413  711.5      10.40     
32    19990206  1938  141.740  -61.413  712.1      10.38     
32    19990206  1938  141.740  -61.413  712.7      10.37     
32    19990206  1938  141.740  -61.413  713.3      10.35     
32    19990206  1938  141.740  -61.413  713.9      10.32     
32    19990206  1938  141.740  -61.413  714.5      10.31     
32    19990206  1938  141.740  -61.413  715.1      10.30     
32    19990206  1938  141.740  -61.413  715.7      10.31     
32    19990206  1938  141.740  -61.413  716.3      10.31     
32    19990206  1938  141.740  -61.413  716.9      10.29     
32    19990206  1938  141.740  -61.413  717.5      10.28     
32    19990206  1938  141.740  -61.413  718.1      10.28     
32    19990206  1938  141.740  -61.413  718.7      10.28     
32    19990206  1938  141.740  -61.413  719.3      10.27     
32    19990206  1938  141.740  -61.413  719.9      10.29     
32    19990206  1938  141.740  -61.413  720.4      10.29     
32    19990206  1938  141.740  -61.413  721.0      10.30     
32    19990206  1938  141.740  -61.413  721.6      10.30     
32    19990206  1938  141.740  -61.413  722.2      10.32     
32    19990206  1938  141.740  -61.413  722.8      10.32     
32    19990206  1938  141.740  -61.413  723.4      10.34     
32    19990206  1938  141.740  -61.413  724.0      10.35     
32    19990206  1938  141.740  -61.413  724.6      10.36     
32    19990206  1938  141.740  -61.413  725.2      10.38     
32    19990206  1938  141.740  -61.413  725.8      10.39     
32    19990206  1938  141.740  -61.413  726.4      10.41     
32    19990206  1938  141.740  -61.413  727.0      10.42     
32    19990206  1938  141.740  -61.413  727.6      10.43     
32    19990206  1938  141.740  -61.413  728.2      10.44     
32    19990206  1938  141.740  -61.413  728.8      10.45     
32    19990206  1938  141.740  -61.413  729.4      10.49     
32    19990206  1938  141.740  -61.413  730.0      10.52     
32    19990206  1938  141.740  -61.413  730.6      10.60     
32    19990206  1938  141.740  -61.413  731.2      10.62     
32    19990206  1938  141.740  -61.413  731.8      10.60     
32    19990206  1938  141.740  -61.413  732.4      10.61     
32    19990206  1938  141.740  -61.413  733.0      10.61     
32    19990206  1938  141.740  -61.413  733.6      10.61     
32    19990206  1938  141.740  -61.413  734.2      10.61     
32    19990206  1938  141.740  -61.413  734.8      10.62     
32    19990206  1938  141.740  -61.413  735.4      10.64     
32    19990206  1938  141.740  -61.413  736.       10.66     
32    19990206  1938  141.740  -61.413  736.6      10.68     
32    19990206  1938  141.740  -61.413  737.2      10.69     
32    19990206  1938  141.740  -61.413  737.7      10.72     
32    19990206  1938  141.740  -61.413  738.3      10.74     
32    19990206  1938  141.740  -61.413  738.9      10.73     
32    19990206  1938  141.740  -61.413  739.5      10.74     
32    19990206  1938  141.740  -61.413  740.1      10.77     
32    19990206  1938  141.740  -61.413  740.7      10.78     
32    19990206  1938  141.740  -61.413  741.3      10.80     
32    19990206  1938  141.740  -61.413  741.9      11.05     
32    19990206  1938  141.740  -61.413  742.5      10.97     
32    19990206  1938  141.740  -61.413  743.1      10.86     
32    19990206  1938  141.740  -61.413  743.7      10.83     
32    19990206  1938  141.740  -61.413  744.3      10.82     
32    19990206  1938  141.740  -61.413  744.9      10.79     
32    19990206  1938  141.740  -61.413  745.5      10.81     
32    19990206  1938  141.740  -61.413  746.1      10.78     
32    19990206  1938  141.740  -61.413  746.7      10.79     
32    19990206  1938  141.740  -61.413  747.3      10.77     
32    19990206  1938  141.740  -61.413  747.9      10.78     
32    19990206  1938  141.740  -61.413  748.5      10.77     
32    19990206  1938  141.740  -61.413  749.1      12.64     
32    19990206  1938  141.740  -61.413  749.7      36.32     
32    19990206  1938  141.740  -61.413  750.3      36.32     
32    19990206  1938  141.740  -61.413  750.8      36.32     
32    19990206  1938  141.740  -61.413  750.8      36.32     
32    19990206  1938  141.740  -61.413  750.8      36.32     
32    19990206  1938  141.740  -61.413  750.8      36.32     
32    19990206  1938  141.740  -61.413  750.8      36.32     
32    19990206  1938  141.740  -61.413  750.8      36.32     
32    19990206  1938  141.740  -61.413  750.8      36.32     
32    19990206  1938  141.740  -61.413  750.8      36.32     
32    19990206  1938  141.740  -61.413  750.8      36.32     
32    19990206  1938  141.740  -61.413  750.8      36.32     
32    19990206  1938  141.740  -61.413  750.8      36.32     
32    19990206  1938  141.740  -61.413  750.8      36.32     
32    19990206  1938  141.740  -61.413  750.8      36.32     
32    19990206  1938  141.740  -61.413  750.8      36.32     
32    19990206  1938  141.740  -61.413  750.8      36.32     
32    19990206  1938  141.740  -61.413  750.8      36.32     
32    19990206  1938  141.740  -61.413  750.8      36.32     
32    19990206  1938  141.740  -61.413  750.8      36.32     
32    19990206  1938  141.740  -61.413  750.8      36.32     
32    19990206  1938  141.740  -61.413  750.8      36.32     
32    19990206  1938  141.740  -61.413  750.8      36.32     
32    19990206  1938  141.740  -61.413  750.8      36.32     
32    19990206  1938  141.740  -61.413  750.8      36.32     
32    19990206  1938  141.740  -61.413  750.8      36.32     
32    19990206  1938  141.740  -61.413  750.8      36.32     
32    19990206  1938  141.740  -61.413  750.8      36.32     
32    19990206  1938  141.740  -61.413  750.8      36.32     
32    19990206  1938  141.740  -61.413  750.8      36.32     
32    19990206  1938  141.740  -61.413  750.8      36.32     
32    19990206  1938  141.740  -61.413  750.8      36.32     
32    19990206  1938  141.740  -61.413  750.8      36.32     
32    19990206  1938  141.740  -61.413  750.8      36.32     
32    19990206  1938  141.740  -61.413  750.8      36.32     
32    19990206  1938  141.740  -61.413  750.8      36.32     
32    19990206  1938  141.740  -61.413  750.8      36.32     
32    19990206  1938  141.740  -61.413  750.8      36.32     
32    19990206  1938  141.740  -61.413  750.8      36.32     
32    19990206  1938  141.740  -61.413  750.8      36.32     
32    19990206  1938  141.740  -61.413  750.8      36.32     
32    19990206  1938  141.740  -61.413  750.8      36.32     
32    19990206  1938  141.740  -61.413  750.8      36.32     
32    19990206  1938  141.740  -61.413  750.8      36.32     
32    19990206  1938  141.740  -61.413  750.8      36.32     
32    19990206  1938  141.740  -61.413  750.8      36.32     
32    19990206  1938  141.740  -61.413  750.8      36.32     
32    19990206  1938  141.740  -61.413  750.8      36.32     
32    19990206  1938  141.740  -61.413  750.8      36.32     
32    19990206  1938  141.740  -61.413  750.8      36.32     
32    19990206  1938  141.740  -61.413  750.8      36.32     
32    19990206  1938  141.740  -61.413  750.8      36.32     
32    19990206  1938  141.740  -61.413  750.8      36.32     
32    19990206  1938  141.740  -61.413  750.8      36.32     
32    19990206  1938  141.740  -61.413  750.8      36.32     
32    19990206  1938  141.740  -61.413  750.8      36.32     
32    19990206  1938  141.740  -61.413  750.8      36.32     
32    19990206  1938  141.740  -61.413  750.8      36.32     
32    19990206  1938  141.740  -61.413  750.8      36.32     
32    19990206  1938  141.740  -61.413  750.8      36.32     
32    19990206  1938  141.740  -61.413  750.8      36.32     
32    19990206  1938  141.740  -61.413  750.8      36.32     
32    19990206  1938  141.740  -61.413  750.8      36.32     
32    19990206  1938  141.740  -61.413  750.8      36.32     
32    19990206  1938  141.740  -61.413  750.8      36.32     
32    19990206  1938  141.740  -61.413  750.8      36.32     
32    19990206  1938  141.740  -61.413  750.8      36.32     
32    19990206  1938  141.740  -61.413  750.8      36.32     
32    19990206  1938  141.740  -61.413  750.8      36.32     
32    19990206  1938  141.740  -61.413  750.8      36.32     
32    19990206  1938  141.740  -61.413  750.8      36.32     
32    19990206  1938  141.740  -61.413  750.8      36.32     
32    19990206  1938  141.740  -61.413  750.8      36.32     
32    19990206  1938  141.740  -61.413  750.8      36.32     
32    19990206  1938  141.740  -61.413  750.8      36.32     
32    19990206  1938  141.740  -61.413  750.8      36.32     
32    19990206  1938  141.740  -61.413  750.8      36.32     
32    19990206  1938  141.740  -61.413  750.8      36.32     
32    19990206  1938  141.740  -61.413  750.8      36.32     
32    19990206  1938  141.740  -61.413  750.8      36.32     
32    19990206  1938  141.740  -61.413  750.8      36.32     
32    19990206  1938  141.740  -61.413  750.8      36.32     
32    19990206  1938  141.740  -61.413  750.8      36.32     
32    19990206  1938  141.740  -61.413  750.8      36.32     
32    19990206  1938  141.740  -61.413  750.8      36.32     
32    19990206  1938  141.740  -61.413  750.8      36.32     
